1900.00	0.00
1905.00	0.02
1910.00	0.00
1915.00	0.00
1920.00	0.00
1925.00	0.00
1930.00	0.00
1935.00	0.00
1940.00	0.00
1945.00	0.00
1950.00	0.00
1955.00	0.00
1960.00	0.00
1965.00	0.00
1970.00	0.00
1975.00	0.00
1980.00	0.00
1985.00	0.00
1990.00	0.00
1995.00	0.00
2000.00	0.00
2005.00	0.00
2010.00	0.00
2015.00	0.00
2020.00	0.00
2025.00	0.00
2030.00	0.00
2035.00	0.00
2040.00	0.00
2045.00	0.00
2050.00	0.00
2055.00	0.00
2060.00	0.00
2065.00	0.00
2070.00	0.00
2075.00	0.00
2080.00	0.00
2085.00	0.00
2090.00	0.00
2095.00	0.00
2100.00	0.00
2105.00	0.00
2110.00	0.00
2115.00	0.00
2120.00	0.00
2125.00	0.00
2130.00	0.00
2135.00	0.00
2140.00	0.00
2145.00	0.00
2150.00	0.00
2155.00	0.00
2160.00	0.00
2165.00	0.00
2170.00	0.00
2175.00	0.00
2180.00	0.00
2185.00	0.00
2190.00	0.00
2195.00	0.00
2200.00	0.00
2205.00	0.00
2210.00	0.00
2215.00	0.00
2220.00	0.00
2225.00	0.00
2230.00	0.00
2235.00	0.00
2240.00	0.00
2245.00	0.00
2250.00	0.00
2255.00	0.00
2260.00	0.00
2265.00	0.00
2270.00	0.00
2275.00	0.00
2280.00	0.00
2285.00	0.00
2290.00	0.00
2295.00	0.00
2300.00	0.00
2305.00	0.00
2310.00	0.00
2315.00	0.00
2320.00	0.00
2325.00	0.00
2330.00	0.00
2335.00	0.00
2340.00	0.00
2345.00	0.00
2350.00	0.00
2355.00	0.00
2360.00	0.00
2365.00	0.00
2370.00	0.00
2375.00	0.00
2380.00	0.00
2385.00	0.00
2390.00	0.00
2395.00	0.00
2400.00	0.00
2405.00	0.00
2410.00	0.00
2415.00	0.00
2420.00	0.00
2425.00	0.00
2430.00	0.00
2435.00	0.00
2440.00	0.00
2445.00	0.00
2450.00	0.00
2455.00	0.00
2460.00	0.00
2465.00	0.00
2470.00	0.00
2475.00	0.00
2480.00	0.00
2485.00	0.00
2490.00	0.00
2495.00	0.00
2500.00	0.00
2505.00	0.00
2510.00	0.00
2515.00	0.00
2520.00	0.00
2525.00	0.00
2530.00	0.00
2535.00	0.00
2540.00	0.00
2545.00	0.00
2550.00	0.00
2555.00	0.00
2560.00	0.00
2565.00	0.00
2570.00	0.00
2575.00	0.00
2580.00	0.00
2585.00	0.00
2590.00	0.00
2595.00	0.00
2600.00	0.00
2605.00	0.00
2610.00	0.00
2615.00	0.00
2620.00	0.00
2625.00	0.00
2630.00	0.00
2635.00	0.00
2640.00	0.00
2645.00	0.00
2650.00	0.00
2655.00	0.00
2660.00	0.00
2665.00	0.00
2670.00	0.00
2675.00	0.00
2680.00	0.00
2685.00	0.00
2690.00	0.00
2695.00	0.00
2700.00	0.00
2705.00	0.00
2710.00	0.00
2715.00	0.00
2720.00	0.00
2725.00	0.00
2730.00	0.00
2735.00	0.00
2740.00	0.00
2745.00	0.00
2750.00	0.00
2755.00	0.00
2760.00	0.00
2765.00	0.00
2770.00	0.00
2775.00	0.00
2780.00	0.00
2785.00	0.00
2790.00	0.00
2795.00	0.00
2800.00	0.00
2805.00	0.00
2810.00	0.00
2815.00	0.00
2820.00	0.00
2825.00	0.00
2830.00	0.00
2835.00	0.00
2840.00	0.00
2845.00	0.00
2850.00	0.00
2855.00	0.00
2860.00	0.00
2865.00	0.00
2870.00	0.00
2875.00	0.00
2880.00	0.00
2885.00	0.00
2890.00	0.00
2895.00	0.00
2900.00	0.00
2905.00	0.00
2910.00	0.00
2915.00	0.00
2920.00	0.00
2925.00	0.00
2930.00	0.00
2935.00	0.00
2940.00	0.00
2945.00	0.00
2950.00	0.00
2955.00	0.00
2960.00	0.00
2965.00	0.00
2970.00	0.00
2975.00	0.00
2980.00	0.00
2985.00	0.00
2990.00	0.00
2995.00	0.00
3000.00	0.00
3005.00	0.00
3010.00	0.00
3015.00	0.00
3020.00	0.00
3025.00	0.00
3030.00	0.00
3035.00	0.00
3040.00	0.00
3045.00	0.00
3050.00	0.00
3055.00	0.00
3060.00	0.00
3065.00	0.00
3070.00	0.00
3075.00	0.00
3080.00	0.00
3085.00	0.00
3090.00	0.00
3095.00	0.00
3100.00	0.00
3105.00	0.00
3110.00	0.00
3115.00	0.00
3120.00	0.00
3125.00	0.00
3130.00	0.00
3135.00	0.00
3140.00	0.00
3145.00	0.00
3150.00	0.00
3155.00	0.00
3160.00	0.00
3165.00	0.00
3170.00	0.00
3175.00	0.00
3180.00	0.00
3185.00	0.00
3190.00	0.00
3195.00	0.00
3200.00	0.00
3205.00	0.00
3210.00	0.00
3215.00	0.00
3220.00	0.00
3225.00	0.00
3230.00	0.00
3235.00	0.00
3240.00	0.00
3245.00	0.00
3250.00	0.00
3255.00	0.00
3260.00	0.00
3265.00	0.00
3270.00	0.00
3275.00	0.00
3280.00	0.00
3285.00	0.00
3290.00	0.00
3295.00	0.00
3300.00	0.00
3305.00	0.00
3310.00	0.00
3315.00	0.00
3320.00	0.00
3325.00	0.00
3330.00	0.01
3335.00	0.02
3340.00	0.02
3345.00	0.01
3350.00	0.00
3355.00	0.00
3360.00	0.00
3365.00	0.00
3370.00	0.00
3375.00	0.00
3380.00	0.00
3385.00	0.00
3390.00	0.00
3395.00	0.00
3400.00	0.00
3405.00	0.00
3410.00	0.00
3415.00	0.00
3420.00	0.00
3425.00	0.00
3430.00	0.00
3435.00	0.00
3440.00	0.00
3445.00	0.00
3450.00	0.00
3455.00	0.00
3460.00	0.00
3465.00	0.00
3470.00	0.00
3475.00	0.00
3480.00	0.00
3485.00	0.00
3490.00	0.00
3495.00	0.00
3500.00	0.00
3505.00	0.00
3510.00	0.00
3515.00	0.00
3520.00	0.00
3525.00	0.00
3530.00	0.00
3535.00	0.00
3540.00	0.00
3545.00	0.00
3550.00	0.00
3555.00	0.00
3560.00	0.00
3565.00	0.00
3570.00	0.00
3575.00	0.00
3580.00	0.00
3585.00	0.00
3590.00	0.00
3595.00	0.00
3600.00	0.00
3605.00	0.00
3610.00	0.00
3615.00	0.00
3620.00	0.00
3625.00	0.00
3630.00	0.00
3635.00	0.00
3640.00	0.00
3645.00	0.00
3650.00	0.00
3655.00	0.00
3660.00	0.00
3665.00	0.00
3670.00	0.00
3675.00	0.00
3680.00	0.00
3685.00	0.00
3690.00	0.00
3695.00	0.00
3700.00	0.00
3705.00	0.00
3710.00	0.00
3715.00	0.00
3720.00	0.00
3725.00	0.00
3730.00	0.00
3735.00	0.00
3740.00	0.00
3745.00	0.00
3750.00	0.00
3755.00	0.00
3760.00	0.00
3765.00	0.00
3770.00	0.00
3775.00	0.00
3780.00	0.00
3785.00	0.00
3790.00	0.00
3795.00	0.00
3800.00	0.00
3805.00	0.00
3810.00	0.00
3815.00	0.00
3820.00	0.00
3825.00	0.00
3830.00	0.00
3835.00	0.00
3840.00	0.00
3845.00	0.00
3850.00	0.00
3855.00	0.00
3860.00	0.00
3865.00	0.00
3870.00	0.00
3875.00	0.00
3880.00	0.00
3885.00	0.00
3890.00	0.00
3895.00	0.00
3900.00	0.00
3905.00	0.00
3910.00	0.00
3915.00	0.00
3920.00	0.00
3925.00	0.00
3930.00	0.00
3935.00	0.00
3940.00	0.00
3945.00	0.00
3950.00	0.00
3955.00	0.00
3960.00	0.00
3965.00	0.00
3970.00	0.00
3975.00	0.00
3980.00	0.00
3985.00	0.00
3990.00	0.00
3995.00	0.00
4000.00	0.00
4005.00	0.00
4010.00	0.00
4015.00	0.00
4020.00	0.00
4025.00	0.00
4030.00	0.00
4035.00	0.00
4040.00	0.00
4045.00	0.00
4050.00	0.00
4055.00	0.00
4060.00	0.00
4065.00	0.00
4070.00	0.00
4075.00	0.00
4080.00	0.00
4085.00	0.00
4090.00	0.00
4095.00	0.00
4100.00	0.00
4105.00	0.00
4110.00	0.00
4115.00	0.00
4120.00	0.00
4125.00	0.00
4130.00	0.00
4135.00	0.00
4140.00	0.00
4145.00	0.01
4150.00	0.02
4155.00	0.01
4160.00	0.00
4165.00	0.00
4170.00	0.00
4175.00	0.00
4180.00	0.00
4185.00	0.00
4190.00	0.00
4195.00	0.00
4200.00	0.00
4205.00	0.00
4210.00	0.00
4215.00	0.00
4220.00	0.00
4225.00	0.00
4230.00	0.00
4235.00	0.00
4240.00	0.00
4245.00	0.00
4250.00	0.00
4255.00	0.00
4260.00	0.00
4265.00	0.00
4270.00	0.00
4275.00	0.00
4280.00	0.00
4285.00	0.00
4290.00	0.00
4295.00	0.00
4300.00	0.00
4305.00	0.00
4310.00	0.00
4315.00	0.00
4320.00	0.00
4325.00	0.00
4330.00	0.00
4335.00	0.00
4340.00	0.00
4345.00	0.00
4350.00	0.00
4355.00	0.00
4360.00	0.00
4365.00	0.00
4370.00	0.00
4375.00	0.00
4380.00	0.00
4385.00	0.00
4390.00	0.00
4395.00	0.00
4400.00	0.00
4405.00	0.00
4410.00	0.00
4415.00	0.00
4420.00	0.00
4425.00	0.00
4430.00	0.00
4435.00	0.00
4440.00	0.00
4445.00	0.00
4450.00	0.00
4455.00	0.00
4460.00	0.00
4465.00	0.00
4470.00	0.00
4475.00	0.00
4480.00	0.00
4485.00	0.00
4490.00	0.00
4495.00	0.00
4500.00	0.00
4505.00	0.00
4510.00	0.00
4515.00	0.00
4520.00	0.00
4525.00	0.00
4530.00	0.00
4535.00	0.00
4540.00	0.00
4545.00	0.00
4550.00	0.00
4555.00	0.00
4560.00	0.00
4565.00	0.00
4570.00	0.00
4575.00	0.00
4580.00	0.00
4585.00	0.00
4590.00	0.00
4595.00	0.00
4600.00	0.00
4605.00	0.00
4610.00	0.00
4615.00	0.00
4620.00	0.00
4625.00	0.00
4630.00	0.00
4635.00	0.00
4640.00	0.00
4645.00	0.00
4650.00	0.00
4655.00	0.00
4660.00	0.00
4665.00	0.00
4670.00	0.00
4675.00	0.00
4680.00	0.00
4685.00	0.00
4690.00	0.00
4695.00	0.00
4700.00	0.00
4705.00	0.00
4710.00	0.00
4715.00	0.00
4720.00	0.00
4725.00	0.00
4730.00	0.00
4735.00	0.00
4740.00	0.00
4745.00	0.00
4750.00	0.01
4755.00	0.00
4760.00	0.00
4765.00	0.00
4770.00	0.00
4775.00	0.00
4780.00	0.00
4785.00	0.00
4790.00	0.00
4795.00	0.00
4800.00	0.00
4805.00	0.00
4810.00	0.00
4815.00	0.00
4820.00	0.00
4825.00	0.00
4830.00	0.00
4835.00	0.00
4840.00	0.00
4845.00	0.00
4850.00	0.00
4855.00	0.00
4860.00	0.00
4865.00	0.00
4870.00	0.00
4875.00	0.00
4880.00	0.00
4885.00	0.00
4890.00	0.00
4895.00	0.00
4900.00	0.00
4905.00	0.00
4910.00	0.00
4915.00	0.00
4920.00	0.00
4925.00	0.00
4930.00	0.00
4935.00	0.00
4940.00	0.00
4945.00	0.00
4950.00	0.00
4955.00	0.00
4960.00	0.00
4965.00	0.00
4970.00	0.00
4975.00	0.00
4980.00	0.00
4985.00	0.00
4990.00	0.00
4995.00	0.00
5000.00	0.00
5005.00	0.00
5010.00	0.00
5015.00	0.00
5020.00	0.00
5025.00	0.00
5030.00	0.00
5035.00	0.00
5040.00	0.00
5045.00	0.00
5050.00	0.00
5055.00	0.00
5060.00	0.00
5065.00	0.00
5070.00	0.00
5075.00	0.00
5080.00	0.00
5085.00	0.00
5090.00	0.00
5095.00	0.00
5100.00	0.00
5105.00	0.00
5110.00	0.00
5115.00	0.00
5120.00	0.00
5125.00	0.00
5130.00	0.00
5135.00	0.00
5140.00	0.00
5145.00	0.00
5150.00	0.00
5155.00	0.00
5160.00	0.00
5165.00	0.00
5170.00	0.00
5175.00	0.00
5180.00	0.00
5185.00	0.00
5190.00	0.00
5195.00	0.00
5200.00	0.00
5205.00	0.00
5210.00	0.00
5215.00	0.00
5220.00	0.00
5225.00	0.00
5230.00	0.00
5235.00	0.00
5240.00	0.00
5245.00	0.00
5250.00	0.00
5255.00	0.00
5260.00	0.00
5265.00	0.00
5270.00	0.00
5275.00	0.00
5280.00	0.00
5285.00	0.00
5290.00	0.00
5295.00	0.00
5300.00	0.00
5305.00	0.00
5310.00	0.00
5315.00	0.00
5320.00	0.00
5325.00	0.00
5330.00	0.00
5335.00	0.00
5340.00	0.00
5345.00	0.00
5350.00	0.00
5355.00	0.00
5360.00	0.00
5365.00	0.00
5370.00	0.00
5375.00	0.00
5380.00	0.00
5385.00	0.00
5390.00	0.00
5395.00	0.00
5400.00	0.00
5405.00	0.00
5410.00	0.00
5415.00	0.00
5420.00	0.00
5425.00	0.00
5430.00	0.00
5435.00	0.00
5440.00	0.00
5445.00	0.00
5450.00	0.00
5455.00	0.00
5460.00	0.00
5465.00	0.00
5470.00	0.00
5475.00	0.00
5480.00	0.00
5485.00	0.00
5490.00	0.00
5495.00	0.00
5500.00	0.00
5505.00	0.00
5510.00	0.00
5515.00	0.00
5520.00	0.00
5525.00	0.00
5530.00	0.00
5535.00	0.00
5540.00	0.00
5545.00	0.00
5550.00	0.00
5555.00	0.00
5560.00	0.00
5565.00	0.00
5570.00	0.00
5575.00	0.00
5580.00	0.00
5585.00	0.00
5590.00	0.00
5595.00	0.00
5600.00	0.00
5605.00	0.00
5610.00	0.00
5615.00	0.00
5620.00	0.00
5625.00	0.00
5630.00	0.00
5635.00	0.00
5640.00	0.00
5645.00	0.00
5650.00	0.00
5655.00	0.00
5660.00	0.00
5665.00	0.00
5670.00	0.00
5675.00	0.00
5680.00	0.00
5685.00	0.00
5690.00	0.00
5695.00	0.00
5700.00	0.00
5705.00	0.00
5710.00	0.00
5715.00	0.00
5720.00	0.00
5725.00	0.00
5730.00	0.00
5735.00	0.00
5740.00	0.00
5745.00	0.00
5750.00	0.00
5755.00	0.00
5760.00	0.00
5765.00	0.00
5770.00	0.00
5775.00	0.00
5780.00	0.00
5785.00	0.00
5790.00	0.00
5795.00	0.00
5800.00	0.00
5805.00	0.00
5810.00	0.00
5815.00	0.00
5820.00	0.00
5825.00	0.00
5830.00	0.00
5835.00	0.00
5840.00	0.00
5845.00	0.00
5850.00	0.00
5855.00	0.00
5860.00	0.00
5865.00	0.00
5870.00	0.00
5875.00	0.00
5880.00	0.00
5885.00	0.00
5890.00	0.00
5895.00	0.00
5900.00	0.00
5905.00	0.00
5910.00	0.00
5915.00	0.00
5920.00	0.00
5925.00	0.00
5930.00	0.00
5935.00	0.00
5940.00	0.00
5945.00	0.00
5950.00	0.00
5955.00	0.00
5960.00	0.00
5965.00	0.00
5970.00	0.00
5975.00	0.00
5980.00	0.00
5985.00	0.00
5990.00	0.00
5995.00	0.00
6000.00	0.00
6005.00	0.00
6010.00	0.00
6015.00	0.00
6020.00	0.00
6025.00	0.00
6030.00	0.00
6035.00	0.00
6040.00	0.00
6045.00	0.00
6050.00	0.00
6055.00	0.00
6060.00	0.00
6065.00	0.00
6070.00	0.00
6075.00	0.00
6080.00	0.00
6085.00	0.00
6090.00	0.00
6095.00	0.00
6100.00	0.00
6105.00	0.00
6110.00	0.00
6115.00	0.00
6120.00	0.00
6125.00	0.00
6130.00	0.00
6135.00	0.00
6140.00	0.00
6145.00	0.00
6150.00	0.00
6155.00	0.00
6160.00	0.00
6165.00	0.00
6170.00	0.00
6175.00	0.00
6180.00	0.00
6185.00	0.00
6190.00	0.00
6195.00	0.00
6200.00	0.00
6205.00	0.00
6210.00	0.00
6215.00	0.00
6220.00	0.00
6225.00	0.00
6230.00	0.00
6235.00	0.00
6240.00	0.00
6245.00	0.00
6250.00	0.00
6255.00	0.00
6260.00	0.00
6265.00	0.00
6270.00	0.00
6275.00	0.00
6280.00	0.00
6285.00	0.00
6290.00	0.00
6295.00	0.00
6300.00	0.00
6305.00	0.00
6310.00	0.00
6315.00	0.00
6320.00	0.00
6325.00	0.00
6330.00	0.00
6335.00	0.00
6340.00	0.00
6345.00	0.00
6350.00	0.00
6355.00	0.00
6360.00	0.00
6365.00	0.00
6370.00	0.00
6375.00	0.00
6380.00	0.00
6385.00	0.00
6390.00	0.00
6395.00	0.00
6400.00	0.00
6405.00	0.00
6410.00	0.00
6415.00	0.00
6420.00	0.00
6425.00	0.00
6430.00	0.00
6435.00	0.00
6440.00	0.00
6445.00	0.00
6450.00	0.00
6455.00	0.00
6460.00	0.00
6465.00	0.00
6470.00	0.00
6475.00	0.00
6480.00	0.00
6485.00	0.00
6490.00	0.00
6495.00	0.00
6500.00	0.00
6505.00	0.00
6510.00	0.00
6515.00	0.00
6520.00	0.00
6525.00	0.00
6530.00	0.00
6535.00	0.00
6540.00	0.00
6545.00	0.00
6550.00	0.00
6555.00	0.00
6560.00	0.00
6565.00	0.00
6570.00	0.00
6575.00	0.00
6580.00	0.00
6585.00	0.00
6590.00	0.00
6595.00	0.00
6600.00	0.00
6605.00	0.00
6610.00	0.00
6615.00	0.00
6620.00	0.00
6625.00	0.00
6630.00	0.00
6635.00	0.00
6640.00	0.00
6645.00	0.00
6650.00	0.00
6655.00	0.00
6660.00	0.00
6665.00	0.00
6670.00	0.00
6675.00	0.00
6680.00	0.00
6685.00	0.00
6690.00	0.00
6695.00	0.00
6700.00	0.00
6705.00	0.00
6710.00	0.00
6715.00	0.00
6720.00	0.00
6725.00	0.00
6730.00	0.00
6735.00	0.00
6740.00	0.00
6745.00	0.00
6750.00	0.00
6755.00	0.00
6760.00	0.00
6765.00	0.00
6770.00	0.00
6775.00	0.00
6780.00	0.00
6785.00	0.00
6790.00	0.00
6795.00	0.00
6800.00	0.00
6805.00	0.00
6810.00	0.00
6815.00	0.00
6820.00	0.00
6825.00	0.00
6830.00	0.00
6835.00	0.00
6840.00	0.00
6845.00	0.00
6850.00	0.00
6855.00	0.00
6860.00	0.00
6865.00	0.00
6870.00	0.00
6875.00	0.00
6880.00	0.00
6885.00	0.00
6890.00	0.00
6895.00	0.00
6900.00	0.00
6905.00	0.00
6910.00	0.00
6915.00	0.00
6920.00	0.00
6925.00	0.00
6930.00	0.00
6935.00	0.00
6940.00	0.00
6945.00	0.00
6950.00	0.00
6955.00	0.00
6960.00	0.00
6965.00	0.00
6970.00	0.00
6975.00	0.00
6980.00	0.00
6985.00	0.00
6990.00	0.00
6995.00	0.00
7000.00	0.00
7005.00	0.00
7010.00	0.00
7015.00	0.00
7020.00	0.00
7025.00	0.00
7030.00	0.00
7035.00	0.00
7040.00	0.00
7045.00	0.00
7050.00	0.00
7055.00	0.00
7060.00	0.00
7065.00	0.00
7070.00	0.00
7075.00	0.00
7080.00	0.00
7085.00	0.00
7090.00	0.00
7095.00	0.00
7100.00	0.00
7105.00	0.00
7110.00	0.00
7115.00	0.00
7120.00	0.00
7125.00	0.00
7130.00	0.00
7135.00	0.00
7140.00	0.00
7145.00	0.00
7150.00	0.00
7155.00	0.00
7160.00	0.00
7165.00	0.00
7170.00	0.00
7175.00	0.00
7180.00	0.00
7185.00	0.00
7190.00	0.00
7195.00	0.00
7200.00	0.00
7205.00	0.00
7210.00	0.00
7215.00	0.00
7220.00	0.00
7225.00	0.00
7230.00	0.00
7235.00	0.00
7240.00	0.00
7245.00	0.00
7250.00	0.00
7255.00	0.00
7260.00	0.00
7265.00	0.00
7270.00	0.00
7275.00	0.00
7280.00	0.00
7285.00	0.00
7290.00	0.00
7295.00	0.00
7300.00	0.00
7305.00	0.00
7310.00	0.00
7315.00	0.00
7320.00	0.00
7325.00	0.00
7330.00	0.00
7335.00	0.00
7340.00	0.00
7345.00	0.00
7350.00	0.00
7355.00	0.00
7360.00	0.00
7365.00	0.00
7370.00	0.00
7375.00	0.00
7380.00	0.00
7385.00	0.00
7390.00	0.00
7395.00	0.00
7400.00	0.00
7405.00	0.00
7410.00	0.00
7415.00	0.00
7420.00	0.00
7425.00	0.00
7430.00	0.00
7435.00	0.00
7440.00	0.00
7445.00	0.00
7450.00	0.00
7455.00	0.00
7460.00	0.00
7465.00	0.00
7470.00	0.00
7475.00	0.00
7480.00	0.00
7485.00	0.00
7490.00	0.00
7495.00	0.00
7500.00	0.00
7505.00	0.00
7510.00	0.00
7515.00	0.00
7520.00	0.00
7525.00	0.00
7530.00	0.00
7535.00	0.00
7540.00	0.00
7545.00	0.00
7550.00	0.00
7555.00	0.00
7560.00	0.00
7565.00	0.00
7570.00	0.00
7575.00	0.00
7580.00	0.00
7585.00	0.00
7590.00	0.00
7595.00	0.00
7600.00	0.00
7605.00	0.00
7610.00	0.00
7615.00	0.00
7620.00	0.00
7625.00	0.00
7630.00	0.00
7635.00	0.00
7640.00	0.00
7645.00	0.00
7650.00	0.00
7655.00	0.00
7660.00	0.00
7665.00	0.00
7670.00	0.00
7675.00	0.00
7680.00	0.00
7685.00	0.00
7690.00	0.00
7695.00	0.00
7700.00	0.00
7705.00	0.00
7710.00	0.00
7715.00	0.00
7720.00	0.00
7725.00	0.00
7730.00	0.00
7735.00	0.00
7740.00	0.00
7745.00	0.00
7750.00	0.00
7755.00	0.00
7760.00	0.00
7765.00	0.00
7770.00	0.00
7775.00	0.00
7780.00	0.00
7785.00	0.00
7790.00	0.00
7795.00	0.00
7800.00	0.00
7805.00	0.00
7810.00	0.00
7815.00	0.00
7820.00	0.00
7825.00	0.00
7830.00	0.00
7835.00	0.00
7840.00	0.00
7845.00	0.00
7850.00	0.00
7855.00	0.00
7860.00	0.00
7865.00	0.00
7870.00	0.00
7875.00	0.00
7880.00	0.00
7885.00	0.00
7890.00	0.00
7895.00	0.00
7900.00	0.00
7905.00	0.00
7910.00	0.00
7915.00	0.00
7920.00	0.00
7925.00	0.00
7930.00	0.00
7935.00	0.00
7940.00	0.00
7945.00	0.00
7950.00	0.00
7955.00	0.00
7960.00	0.00
7965.00	0.00
7970.00	0.00
7975.00	0.00
7980.00	0.00
7985.00	0.00
7990.00	0.00
7995.00	0.00
8000.00	0.00
8005.00	0.00
8010.00	0.00
8015.00	0.00
8020.00	0.00
8025.00	0.00
8030.00	0.00
8035.00	0.00
8040.00	0.00
8045.00	0.00
8050.00	0.00
8055.00	0.00
8060.00	0.00
8065.00	0.00
8070.00	0.00
8075.00	0.00
8080.00	0.00
8085.00	0.00
8090.00	0.00
8095.00	0.00
8100.00	0.00
8105.00	0.00
8110.00	0.00
8115.00	0.00
8120.00	0.00
8125.00	0.00
8130.00	0.00
8135.00	0.00
8140.00	0.00
8145.00	0.00
8150.00	0.00
8155.00	0.00
8160.00	0.00
8165.00	0.00
8170.00	0.00
8175.00	0.00
8180.00	0.00
8185.00	0.00
8190.00	0.00
8195.00	0.00
8200.00	0.00
8205.00	0.00
8210.00	0.00
8215.00	0.00
8220.00	0.00
8225.00	0.00
8230.00	0.00
8235.00	0.00
8240.00	0.00
8245.00	0.00
8250.00	0.00
8255.00	0.00
8260.00	0.00
8265.00	0.00
8270.00	0.00
8275.00	0.00
8280.00	0.00
8285.00	0.00
8290.00	0.00
8295.00	0.00
8300.00	0.00
8305.00	0.00
8310.00	0.00
8315.00	0.00
8320.00	0.01
8325.00	0.01
8330.00	0.02
8335.00	0.03
8340.00	0.05
8345.00	0.08
8350.00	0.13
8355.00	0.24
8360.00	0.45
8365.00	0.82
8370.00	1.56
8375.00	2.82
8380.00	4.44
8385.00	6.97
8390.00	12.01
8395.00	20.48
8400.00	33.98
8405.00	52.27
8410.00	69.87
8415.00	83.33
8420.00	92.03
8425.00	96.44
8430.00	98.28
8435.00	98.93
8440.00	98.64
8445.00	98.42
8450.00	97.85
8455.00	97.78
8460.00	97.44
8465.00	97.32
8470.00	97.46
8475.00	97.95
8480.00	98.21
8485.00	98.30
8490.00	98.61
8495.00	98.73
8500.00	98.65
8505.00	99.30
8510.00	99.14
8515.00	99.29
8520.00	99.28
8525.00	98.95
8530.00	99.43
8535.00	99.01
8540.00	99.10
8545.00	99.08
8550.00	98.73
8555.00	98.84
8560.00	98.59
8565.00	98.41
8570.00	98.48
8575.00	99.10
8580.00	98.53
8585.00	99.06
8590.00	99.13
8595.00	98.77
8600.00	98.99
8605.00	98.99
8610.00	99.18
8615.00	99.21
8620.00	99.12
8625.00	99.19
8630.00	99.02
8635.00	98.98
8640.00	99.20
8645.00	98.88
8650.00	98.80
8655.00	98.73
8660.00	98.77
8665.00	98.67
8670.00	98.71
8675.00	98.62
8680.00	98.55
8685.00	98.38
8690.00	98.61
8695.00	98.43
8700.00	98.57
8705.00	98.75
8710.00	98.49
8715.00	98.54
8720.00	98.49
8725.00	98.76
8730.00	98.73
8735.00	98.37
8740.00	98.65
8745.00	98.52
8750.00	98.46
8755.00	98.84
8760.00	98.77
8765.00	98.48
8770.00	98.60
8775.00	98.66
8780.00	98.58
8785.00	98.65
8790.00	98.84
8795.00	98.96
8800.00	98.73
8805.00	99.03
8810.00	98.93
8815.00	99.08
8820.00	99.28
8825.00	99.05
8830.00	98.81
8835.00	99.04
8840.00	98.96
8845.00	99.20
8850.00	99.14
8855.00	98.78
8860.00	98.76
8865.00	98.73
8870.00	98.72
8875.00	98.97
8880.00	98.95
8885.00	98.82
8890.00	98.69
8895.00	98.86
8900.00	98.63
8905.00	98.81
8910.00	99.01
8915.00	98.72
8920.00	98.97
8925.00	98.89
8930.00	98.84
8935.00	98.85
8940.00	98.86
8945.00	98.84
8950.00	98.96
8955.00	99.13
8960.00	99.03
8965.00	98.86
8970.00	99.13
8975.00	99.05
8980.00	98.88
8985.00	98.92
8990.00	99.05
8995.00	98.87
9000.00	98.81
9005.00	98.43
9010.00	98.76
9015.00	98.99
9020.00	99.23
9025.00	98.77
9030.00	98.90
9035.00	98.83
9040.00	98.98
9045.00	98.87
9050.00	99.09
9055.00	98.98
9060.00	99.18
9065.00	99.14
9070.00	99.06
9075.00	99.28
9080.00	98.99
9085.00	98.88
9090.00	99.21
9095.00	98.98
9100.00	99.12
9105.00	99.08
9110.00	99.05
9115.00	99.04
9120.00	98.95
9125.00	99.02
9130.00	98.91
9135.00	98.95
9140.00	99.24
9145.00	99.17
9150.00	99.28
9155.00	99.32
9160.00	99.19
9165.00	99.27
9170.00	99.21
9175.00	99.05
9180.00	99.15
9185.00	99.05
9190.00	99.20
9195.00	99.33
9200.00	99.13
9205.00	99.08
9210.00	99.24
9215.00	99.36
9220.00	98.96
9225.00	99.12
9230.00	99.14
9235.00	98.99
9240.00	98.76
9245.00	98.90
9250.00	98.86
9255.00	98.93
9260.00	99.21
9265.00	99.08
9270.00	99.19
9275.00	98.96
9280.00	99.08
9285.00	98.98
9290.00	99.10
9295.00	99.18
9300.00	98.99
9305.00	99.17
9310.00	99.23
9315.00	99.01
9320.00	99.35
9325.00	99.15
9330.00	99.13
9335.00	98.82
9340.00	99.27
9345.00	98.83
9350.00	99.21
9355.00	99.63
9360.00	99.13
9365.00	99.28
9370.00	99.08
9375.00	99.33
9380.00	99.11
9385.00	99.40
9390.00	99.03
9395.00	99.13
9400.00	99.11
9405.00	99.16
9410.00	98.98
9415.00	99.14
9420.00	99.05
9425.00	99.00
9430.00	98.86
9435.00	98.97
9440.00	99.00
9445.00	99.32
9450.00	98.87
9455.00	98.91
9460.00	98.96
9465.00	99.11
9470.00	99.02
9475.00	99.33
9480.00	99.01
9485.00	99.35
9490.00	99.59
9495.00	98.96
9500.00	99.10
9505.00	98.96
9510.00	99.10
9515.00	99.31
9520.00	99.13
9525.00	99.05
9530.00	99.39
9535.00	99.02
9540.00	99.28
9545.00	99.18
9550.00	99.06
9555.00	99.15
9560.00	99.17
9565.00	99.21
9570.00	99.22
9575.00	99.45
9580.00	99.29
9585.00	99.06
9590.00	99.02
9595.00	98.93
9600.00	99.04
9605.00	99.22
9610.00	99.36
9615.00	98.93
9620.00	99.22
9625.00	98.89
9630.00	98.85
9635.00	98.98
9640.00	99.14
9645.00	99.15
9650.00	99.05
9655.00	99.21
9660.00	99.38
9665.00	98.93
9670.00	99.06
9675.00	99.07
9680.00	99.16
9685.00	99.16
9690.00	99.20
9695.00	98.97
9700.00	98.92
9705.00	98.73
9710.00	98.83
9715.00	98.97
9720.00	98.78
9725.00	98.83
9730.00	98.95
9735.00	98.78
9740.00	99.18
9745.00	99.02
9750.00	99.14
9755.00	98.88
9760.00	98.92
9765.00	98.78
9770.00	98.56
9775.00	98.46
9780.00	98.08
9785.00	98.55
9790.00	97.77
9795.00	97.51
9800.00	96.88
9805.00	96.68
9810.00	96.53
9815.00	96.30
9820.00	96.55
9825.00	96.93
9830.00	97.37
9835.00	97.96
9840.00	98.41
9845.00	98.94
9850.00	98.70
9855.00	98.10
9860.00	96.46
9865.00	93.99
9870.00	91.97
9875.00	89.57
9880.00	86.94
9885.00	84.26
9890.00	78.65
9895.00	68.56
9900.00	53.32
9905.00	36.30
9910.00	22.44
9915.00	13.29
9920.00	7.72
9925.00	4.44
9930.00	2.70
9935.00	1.65
9940.00	1.05
9945.00	0.69
9950.00	0.47
9955.00	0.32
9960.00	0.23
9965.00	0.16
9970.00	0.12
9975.00	0.09
9980.00	0.07
9985.00	0.05
9990.00	0.04
9995.00	0.03
10000.00	0.03
10005.00	0.02
10010.00	0.02
10015.00	0.02
10020.00	0.01
10025.00	0.01
10030.00	0.01
10035.00	0.01
10040.00	0.01
10045.00	0.01
10050.00	0.01
10055.00	0.01
10060.00	0.01
10065.00	0.01
10070.00	0.00
10075.00	0.00
10080.00	0.00
10085.00	0.00
10090.00	0.00
10095.00	0.00
10100.00	0.00
10105.00	0.00
10110.00	0.00
10115.00	0.00
10120.00	0.00
10125.00	0.00
10130.00	0.00
10135.00	0.00
10140.00	0.00
10145.00	0.00
10150.00	0.00
10155.00	0.00
10160.00	0.00
10165.00	0.00
10170.00	0.00
10175.00	0.00
10180.00	0.00
10185.00	0.00
10190.00	0.00
10195.00	0.00
10200.00	0.00
10205.00	0.00
10210.00	0.00
10215.00	0.00
10220.00	0.00
10225.00	0.00
10230.00	0.00
10235.00	0.00
10240.00	0.00
10245.00	0.00
10250.00	0.00
10255.00	0.00
10260.00	0.00
10265.00	0.00
10270.00	0.00
10275.00	0.00
10280.00	0.00
10285.00	0.00
10290.00	0.00
10295.00	0.00
10300.00	0.00
10305.00	0.00
10310.00	0.00
10315.00	0.00
10320.00	0.00
10325.00	0.00
10330.00	0.00
10335.00	0.00
10340.00	0.00
10345.00	0.00
10350.00	0.00
10355.00	0.00
10360.00	0.00
10365.00	0.00
10370.00	0.00
10375.00	0.00
10380.00	0.00
10385.00	0.00
10390.00	0.00
10395.00	0.00
10400.00	0.00
10405.00	0.01
10410.00	0.01
10415.00	0.01
10420.00	0.01
10425.00	0.01
10430.00	0.01
10435.00	0.00
10440.00	0.00
10445.00	0.00
10450.00	0.00
10455.00	0.00
10460.00	0.00
10465.00	0.00
10470.00	0.00
10475.00	0.00
10480.00	0.00
10485.00	0.00
10490.00	0.00
10495.00	0.00
10500.00	0.00
10505.00	0.01
10510.00	0.01
10515.00	0.01
10520.00	0.01
10525.00	0.01
10530.00	0.00
10535.00	0.00
10540.00	0.00
10545.00	0.00
10550.00	0.00
10555.00	0.00
10560.00	0.00
10565.00	0.00
10570.00	0.00
10575.00	0.00
10580.00	0.00
10585.00	0.00
10590.00	0.00
10595.00	0.00
10600.00	0.00
10605.00	0.00
10610.00	0.00
10615.00	0.00
10620.00	0.00
10625.00	0.00
10630.00	0.00
10635.00	0.00
10640.00	0.00
10645.00	0.00
10650.00	0.00
10655.00	0.00
10660.00	0.00
10665.00	0.00
10670.00	0.00
10675.00	0.00
10680.00	0.00
10685.00	0.00
10690.00	0.00
10695.00	0.00
10700.00	0.00
10705.00	0.00
10710.00	0.00
10715.00	0.00
10720.00	0.00
10725.00	0.00
10730.00	0.00
10735.00	0.00
10740.00	0.00
10745.00	0.00
10750.00	0.00
10755.00	0.00
10760.00	0.00
10765.00	0.00
10770.00	0.00
10775.00	0.00
10780.00	0.00
10785.00	0.00
10790.00	0.00
10795.00	0.00
10800.00	0.00
10805.00	0.00
10810.00	0.00
10815.00	0.00
10820.00	0.00
10825.00	0.00
10830.00	0.00
10835.00	0.00
10840.00	0.00
10845.00	0.00
10850.00	0.00
10855.00	0.00
10860.00	0.00
10865.00	0.00
10870.00	0.00
10875.00	0.00
10880.00	0.00
10885.00	0.00
10890.00	0.00
10895.00	0.00
10900.00	0.00
10905.00	0.00
10910.00	0.00
10915.00	0.00
10920.00	0.00
10925.00	0.00
10930.00	0.00
10935.00	0.00
10940.00	0.00
10945.00	0.00
10950.00	0.00
10955.00	0.00
10960.00	0.00
10965.00	0.00
10970.00	0.00
10975.00	0.00
10980.00	0.00
10985.00	0.00
10990.00	0.00
10995.00	0.00
11000.00	0.00
11005.00	0.00
11010.00	0.00
11015.00	0.00
11020.00	0.00
11025.00	0.00
11030.00	0.00
11035.00	0.00
11040.00	0.00
11045.00	0.00
11050.00	0.00
11055.00	0.00
11060.00	0.00
11065.00	0.00
11070.00	0.00
11075.00	0.00
11080.00	0.00
11085.00	0.00
11090.00	0.00
11095.00	0.00
11100.00	0.00
11105.00	0.00
11110.00	0.00
11115.00	0.00
11120.00	0.00
11125.00	0.00
11130.00	0.00
11135.00	0.00
11140.00	0.00
11145.00	0.00
11150.00	0.00
11155.00	0.00
11160.00	0.00
11165.00	0.00
11170.00	0.00
11175.00	0.00
11180.00	0.00
11185.00	0.00
11190.00	0.00
11195.00	0.00
11200.00	0.00
11205.00	0.00
11210.00	0.00
11215.00	0.00
11220.00	0.00
11225.00	0.00
11230.00	0.00
11235.00	0.00
11240.00	0.00
11245.00	0.00
11250.00	0.00
11255.00	0.00
11260.00	0.00
11265.00	0.00
11270.00	0.00
11275.00	0.00
11280.00	0.00
11285.00	0.00
11290.00	0.00
11295.00	0.00
11300.00	0.00
11305.00	0.00
11310.00	0.00
11315.00	0.00
11320.00	0.00
11325.00	0.00
11330.00	0.00
11335.00	0.00
11340.00	0.00
11345.00	0.00
11350.00	0.00
11355.00	0.00
11360.00	0.00
11365.00	0.00
11370.00	0.00
11375.00	0.00
11380.00	0.00
11385.00	0.00
11390.00	0.00
11395.00	0.00
11400.00	0.00
11405.00	0.00
11410.00	0.00
11415.00	0.00
11420.00	0.00
11425.00	0.00
11430.00	0.00
11435.00	0.00
11440.00	0.00
11445.00	0.00
11450.00	0.00
11455.00	0.00
11460.00	0.00
11465.00	0.00
11470.00	0.00
11475.00	0.00
11480.00	0.00
11485.00	0.00
11490.00	0.00
11495.00	0.00
11500.00	0.00
11505.00	0.00
11510.00	0.00
11515.00	0.00
11520.00	0.00
11525.00	0.00
11530.00	0.00
11535.00	0.00
11540.00	0.00
11545.00	0.00
11550.00	0.00
11555.00	0.00
11560.00	0.00
11565.00	0.00
11570.00	0.00
11575.00	0.00
11580.00	0.00
11585.00	0.00
11590.00	0.00
11595.00	0.00
11600.00	0.00
11605.00	0.00
11610.00	0.00
11615.00	0.00
11620.00	0.00
11625.00	0.00
11630.00	0.00
11635.00	0.00
11640.00	0.00
11645.00	0.00
11650.00	0.00
11655.00	0.00
11660.00	0.00
11665.00	0.00
11670.00	0.00
11675.00	0.00
11680.00	0.00
11685.00	0.00
11690.00	0.00
11695.00	0.00
11700.00	0.00
11705.00	0.00
11710.00	0.00
11715.00	0.00
11720.00	0.00
11725.00	0.00
11730.00	0.00
11735.00	0.00
11740.00	0.00
11745.00	0.00
11750.00	0.00
11755.00	0.00
11760.00	0.00
11765.00	0.00
11770.00	0.00
11775.00	0.00
11780.00	0.00
11785.00	0.00
11790.00	0.00
11795.00	0.00
11800.00	0.00
11805.00	0.00
11810.00	0.00
11815.00	0.00
11820.00	0.00
11825.00	0.00
11830.00	0.00
11835.00	0.00
11840.00	0.00
11845.00	0.00
11850.00	0.00
11855.00	0.00
11860.00	0.00
11865.00	0.00
11870.00	0.00
11875.00	0.00
11880.00	0.00
11885.00	0.00
11890.00	0.00
11895.00	0.00
11900.00	0.00
11905.00	0.00
11910.00	0.00
11915.00	0.00
11920.00	0.00
11925.00	0.00
11930.00	0.00
11935.00	0.00
11940.00	0.00
11945.00	0.00
11950.00	0.00
11955.00	0.00
11960.00	0.00
11965.00	0.00
11970.00	0.00
11975.00	0.00
11980.00	0.00
11985.00	0.00
11990.00	0.00
11995.00	0.00
12000.00	0.00
12005.00	0.00
12010.00	0.00
12015.00	0.00
12020.00	0.00
12025.00	0.00
12030.00	0.00
12035.00	0.00
12040.00	0.00
12045.00	0.00
12050.00	0.00
12055.00	0.00
12060.00	0.00
12065.00	0.00
12070.00	0.00
12075.00	0.00
12080.00	0.00
12085.00	0.00
12090.00	0.00
12095.00	0.00
12100.00	0.00
