1900.00	0.00
1905.00	0.00
1910.00	0.00
1915.00	0.00
1920.00	0.00
1925.00	0.00
1930.00	0.00
1935.00	0.00
1940.00	0.00
1945.00	0.00
1950.00	0.00
1955.00	0.00
1960.00	0.00
1965.00	0.00
1970.00	0.00
1975.00	0.00
1980.00	0.00
1985.00	0.00
1990.00	0.00
1995.00	0.00
2000.00	0.00
2005.00	0.00
2010.00	0.00
2015.00	0.00
2020.00	0.00
2025.00	0.00
2030.00	0.00
2035.00	0.00
2040.00	0.00
2045.00	0.00
2050.00	0.00
2055.00	0.00
2060.00	0.00
2065.00	0.00
2070.00	0.00
2075.00	0.00
2080.00	0.00
2085.00	0.00
2090.00	0.00
2095.00	0.00
2100.00	0.00
2105.00	0.00
2110.00	0.00
2115.00	0.00
2120.00	0.00
2125.00	0.00
2130.00	0.00
2135.00	0.00
2140.00	0.00
2145.00	0.00
2150.00	0.00
2155.00	0.00
2160.00	0.00
2165.00	0.00
2170.00	0.00
2175.00	0.00
2180.00	0.00
2185.00	0.00
2190.00	0.00
2195.00	0.00
2200.00	0.00
2205.00	0.00
2210.00	0.00
2215.00	0.00
2220.00	0.00
2225.00	0.00
2230.00	0.00
2235.00	0.00
2240.00	0.00
2245.00	0.00
2250.00	0.00
2255.00	0.00
2260.00	0.00
2265.00	0.00
2270.00	0.00
2275.00	0.00
2280.00	0.00
2285.00	0.00
2290.00	0.00
2295.00	0.00
2300.00	0.00
2305.00	0.00
2310.00	0.00
2315.00	0.00
2320.00	0.00
2325.00	0.00
2330.00	0.00
2335.00	0.00
2340.00	0.00
2345.00	0.00
2350.00	0.00
2355.00	0.00
2360.00	0.00
2365.00	0.00
2370.00	0.00
2375.00	0.00
2380.00	0.00
2385.00	0.00
2390.00	0.00
2395.00	0.00
2400.00	0.00
2405.00	0.00
2410.00	0.00
2415.00	0.00
2420.00	0.00
2425.00	0.00
2430.00	0.00
2435.00	0.00
2440.00	0.00
2445.00	0.00
2450.00	0.00
2455.00	0.00
2460.00	0.00
2465.00	0.00
2470.00	0.00
2475.00	0.00
2480.00	0.00
2485.00	0.00
2490.00	0.00
2495.00	0.00
2500.00	0.00
2505.00	0.00
2510.00	0.00
2515.00	0.00
2520.00	0.00
2525.00	0.00
2530.00	0.00
2535.00	0.00
2540.00	0.00
2545.00	0.00
2550.00	0.00
2555.00	0.00
2560.00	0.00
2565.00	0.00
2570.00	0.00
2575.00	0.00
2580.00	0.00
2585.00	0.00
2590.00	0.00
2595.00	0.00
2600.00	0.00
2605.00	0.00
2610.00	0.00
2615.00	0.00
2620.00	0.00
2625.00	0.00
2630.00	0.00
2635.00	0.00
2640.00	0.00
2645.00	0.00
2650.00	0.00
2655.00	0.00
2660.00	0.00
2665.00	0.00
2670.00	0.00
2675.00	0.00
2680.00	0.00
2685.00	0.00
2690.00	0.00
2695.00	0.00
2700.00	0.00
2705.00	0.00
2710.00	0.00
2715.00	0.00
2720.00	0.00
2725.00	0.00
2730.00	0.00
2735.00	0.00
2740.00	0.00
2745.00	0.00
2750.00	0.00
2755.00	0.00
2760.00	0.00
2765.00	0.00
2770.00	0.00
2775.00	0.00
2780.00	0.00
2785.00	0.00
2790.00	0.00
2795.00	0.00
2800.00	0.00
2805.00	0.00
2810.00	0.00
2815.00	0.00
2820.00	0.00
2825.00	0.00
2830.00	0.00
2835.00	0.00
2840.00	0.00
2845.00	0.00
2850.00	0.00
2855.00	0.00
2860.00	0.00
2865.00	0.00
2870.00	0.00
2875.00	0.00
2880.00	0.00
2885.00	0.00
2890.00	0.00
2895.00	0.00
2900.00	0.00
2905.00	0.00
2910.00	0.00
2915.00	0.00
2920.00	0.00
2925.00	0.00
2930.00	0.00
2935.00	0.00
2940.00	0.00
2945.00	0.00
2950.00	0.00
2955.00	0.00
2960.00	0.00
2965.00	0.00
2970.00	0.00
2975.00	0.00
2980.00	0.00
2985.00	0.00
2990.00	0.00
2995.00	0.00
3000.00	0.00
3005.00	0.00
3010.00	0.00
3015.00	0.00
3020.00	0.00
3025.00	0.00
3030.00	0.00
3035.00	0.00
3040.00	0.00
3045.00	0.00
3050.00	0.00
3055.00	0.00
3060.00	0.00
3065.00	0.00
3070.00	0.00
3075.00	0.00
3080.00	0.00
3085.00	0.00
3090.00	0.00
3095.00	0.00
3100.00	0.00
3105.00	0.00
3110.00	0.00
3115.00	0.00
3120.00	0.00
3125.00	0.00
3130.00	0.00
3135.00	0.00
3140.00	0.00
3145.00	0.00
3150.00	0.00
3155.00	0.00
3160.00	0.01
3165.00	0.03
3170.00	0.04
3175.00	0.02
3180.00	0.00
3185.00	0.00
3190.00	0.00
3195.00	0.00
3200.00	0.00
3205.00	0.00
3210.00	0.00
3215.00	0.00
3220.00	0.00
3225.00	0.00
3230.00	0.00
3235.00	0.00
3240.00	0.00
3245.00	0.00
3250.00	0.00
3255.00	0.00
3260.00	0.00
3265.00	0.00
3270.00	0.00
3275.00	0.00
3280.00	0.00
3285.00	0.00
3290.00	0.00
3295.00	0.00
3300.00	0.00
3305.00	0.00
3310.00	0.00
3315.00	0.00
3320.00	0.00
3325.00	0.00
3330.00	0.00
3335.00	0.00
3340.00	0.00
3345.00	0.00
3350.00	0.00
3355.00	0.00
3360.00	0.00
3365.00	0.00
3370.00	0.00
3375.00	0.00
3380.00	0.00
3385.00	0.00
3390.00	0.00
3395.00	0.00
3400.00	0.00
3405.00	0.00
3410.00	0.00
3415.00	0.00
3420.00	0.00
3425.00	0.00
3430.00	0.00
3435.00	0.00
3440.00	0.00
3445.00	0.00
3450.00	0.00
3455.00	0.00
3460.00	0.00
3465.00	0.00
3470.00	0.00
3475.00	0.00
3480.00	0.00
3485.00	0.00
3490.00	0.00
3495.00	0.00
3500.00	0.00
3505.00	0.00
3510.00	0.00
3515.00	0.00
3520.00	0.00
3525.00	0.00
3530.00	0.00
3535.00	0.00
3540.00	0.00
3545.00	0.00
3550.00	0.00
3555.00	0.00
3560.00	0.00
3565.00	0.00
3570.00	0.00
3575.00	0.00
3580.00	0.00
3585.00	0.00
3590.00	0.00
3595.00	0.00
3600.00	0.00
3605.00	0.00
3610.00	0.00
3615.00	0.00
3620.00	0.00
3625.00	0.00
3630.00	0.00
3635.00	0.00
3640.00	0.00
3645.00	0.00
3650.00	0.00
3655.00	0.00
3660.00	0.00
3665.00	0.00
3670.00	0.00
3675.00	0.00
3680.00	0.00
3685.00	0.00
3690.00	0.00
3695.00	0.00
3700.00	0.00
3705.00	0.00
3710.00	0.00
3715.00	0.00
3720.00	0.00
3725.00	0.00
3730.00	0.00
3735.00	0.00
3740.00	0.00
3745.00	0.00
3750.00	0.00
3755.00	0.00
3760.00	0.00
3765.00	0.00
3770.00	0.00
3775.00	0.00
3780.00	0.00
3785.00	0.00
3790.00	0.00
3795.00	0.00
3800.00	0.00
3805.00	0.00
3810.00	0.00
3815.00	0.00
3820.00	0.00
3825.00	0.00
3830.00	0.00
3835.00	0.00
3840.00	0.00
3845.00	0.00
3850.00	0.00
3855.00	0.00
3860.00	0.00
3865.00	0.00
3870.00	0.00
3875.00	0.00
3880.00	0.00
3885.00	0.00
3890.00	0.00
3895.00	0.00
3900.00	0.00
3905.00	0.00
3910.00	0.00
3915.00	0.00
3920.00	0.00
3925.00	0.00
3930.00	0.00
3935.00	0.00
3940.00	0.00
3945.00	0.00
3950.00	0.00
3955.00	0.00
3960.00	0.00
3965.00	0.00
3970.00	0.00
3975.00	0.00
3980.00	0.00
3985.00	0.00
3990.00	0.00
3995.00	0.00
4000.00	0.00
4005.00	0.00
4010.00	0.00
4015.00	0.00
4020.00	0.00
4025.00	0.00
4030.00	0.00
4035.00	0.00
4040.00	0.02
4045.00	0.03
4050.00	0.08
4055.00	0.16
4060.00	0.13
4065.00	0.24
4070.00	0.46
4075.00	0.35
4080.00	0.31
4085.00	0.56
4090.00	0.77
4095.00	1.59
4100.00	5.80
4105.00	21.92
4110.00	50.03
4115.00	74.90
4120.00	87.86
4125.00	92.13
4130.00	92.49
4135.00	93.29
4140.00	94.60
4145.00	95.31
4150.00	95.05
4155.00	95.68
4160.00	96.83
4165.00	97.59
4170.00	96.78
4175.00	95.93
4180.00	96.57
4185.00	97.32
4190.00	97.02
4195.00	95.90
4200.00	95.72
4205.00	96.49
4210.00	96.87
4215.00	96.64
4220.00	96.40
4225.00	96.33
4230.00	97.03
4235.00	97.57
4240.00	97.65
4245.00	97.15
4250.00	96.86
4255.00	97.33
4260.00	97.62
4265.00	97.60
4270.00	97.24
4275.00	97.20
4280.00	97.56
4285.00	97.89
4290.00	97.68
4295.00	97.58
4300.00	97.40
4305.00	97.45
4310.00	97.92
4315.00	98.09
4320.00	97.98
4325.00	97.94
4330.00	98.02
4335.00	98.21
4340.00	98.38
4345.00	98.26
4350.00	98.30
4355.00	98.30
4360.00	98.18
4365.00	98.29
4370.00	98.49
4375.00	98.49
4380.00	98.56
4385.00	98.30
4390.00	97.82
4395.00	97.93
4400.00	98.41
4405.00	98.48
4410.00	98.55
4415.00	98.56
4420.00	98.42
4425.00	98.32
4430.00	98.65
4435.00	98.65
4440.00	98.68
4445.00	98.74
4450.00	98.51
4455.00	98.47
4460.00	98.65
4465.00	98.77
4470.00	98.72
4475.00	98.82
4480.00	98.66
4485.00	98.64
4490.00	98.61
4495.00	98.44
4500.00	98.47
4505.00	98.56
4510.00	98.63
4515.00	98.45
4520.00	98.24
4525.00	98.18
4530.00	97.98
4535.00	98.14
4540.00	98.40
4545.00	98.52
4550.00	98.54
4555.00	98.35
4560.00	98.06
4565.00	97.97
4570.00	98.30
4575.00	98.66
4580.00	98.74
4585.00	98.72
4590.00	98.54
4595.00	98.15
4600.00	97.90
4605.00	98.30
4610.00	98.56
4615.00	98.77
4620.00	98.77
4625.00	98.52
4630.00	98.17
4635.00	97.84
4640.00	97.87
4645.00	98.05
4650.00	98.28
4655.00	98.62
4660.00	98.61
4665.00	98.42
4670.00	97.96
4675.00	97.52
4680.00	97.22
4685.00	97.12
4690.00	97.78
4695.00	98.34
4700.00	98.79
4705.00	98.77
4710.00	98.44
4715.00	97.89
4720.00	97.35
4725.00	97.31
4730.00	97.57
4735.00	97.87
4740.00	98.04
4745.00	98.29
4750.00	98.42
4755.00	98.31
4760.00	98.24
4765.00	98.03
4770.00	97.87
4775.00	97.60
4780.00	97.81
4785.00	98.17
4790.00	98.50
4795.00	98.54
4800.00	98.63
4805.00	98.57
4810.00	98.23
4815.00	97.98
4820.00	97.89
4825.00	97.66
4830.00	97.50
4835.00	97.68
4840.00	97.81
4845.00	98.01
4850.00	98.05
4855.00	98.29
4860.00	98.58
4865.00	98.71
4870.00	98.76
4875.00	98.66
4880.00	98.59
4885.00	98.15
4890.00	97.86
4895.00	97.62
4900.00	97.49
4905.00	97.44
4910.00	97.56
4915.00	98.03
4920.00	98.40
4925.00	98.46
4930.00	98.72
4935.00	98.82
4940.00	98.79
4945.00	98.68
4950.00	98.50
4955.00	98.37
4960.00	98.27
4965.00	98.13
4970.00	97.91
4975.00	97.92
4980.00	98.05
4985.00	98.26
4990.00	98.41
4995.00	98.57
5000.00	98.72
5005.00	98.72
5010.00	98.75
5015.00	98.76
5020.00	98.77
5025.00	98.68
5030.00	98.56
5035.00	98.41
5040.00	98.15
5045.00	98.03
5050.00	98.17
5055.00	98.29
5060.00	98.19
5065.00	98.09
5070.00	98.03
5075.00	98.15
5080.00	98.31
5085.00	98.29
5090.00	98.23
5095.00	98.27
5100.00	98.30
5105.00	98.36
5110.00	98.31
5115.00	98.35
5120.00	98.28
5125.00	98.17
5130.00	97.98
5135.00	97.89
5140.00	98.02
5145.00	98.06
5150.00	98.16
5155.00	98.21
5160.00	98.21
5165.00	98.22
5170.00	98.26
5175.00	98.44
5180.00	98.48
5185.00	98.60
5190.00	98.51
5195.00	98.54
5200.00	98.62
5205.00	98.46
5210.00	98.24
5215.00	98.14
5220.00	98.20
5225.00	98.07
5230.00	97.96
5235.00	97.75
5240.00	97.75
5245.00	97.80
5250.00	97.76
5255.00	97.58
5260.00	97.69
5265.00	97.82
5270.00	97.83
5275.00	97.68
5280.00	97.55
5285.00	97.65
5290.00	97.95
5295.00	98.36
5300.00	98.37
5305.00	98.18
5310.00	98.04
5315.00	98.03
5320.00	98.19
5325.00	98.33
5330.00	98.45
5335.00	98.25
5340.00	97.89
5345.00	97.80
5350.00	97.87
5355.00	98.03
5360.00	98.10
5365.00	98.07
5370.00	98.18
5375.00	98.29
5380.00	98.06
5385.00	97.73
5390.00	97.81
5395.00	98.06
5400.00	98.10
5405.00	97.88
5410.00	97.70
5415.00	97.85
5420.00	98.01
5425.00	98.06
5430.00	97.62
5435.00	96.81
5440.00	95.59
5445.00	95.11
5450.00	95.86
5455.00	96.64
5460.00	95.49
5465.00	93.79
5470.00	94.02
5475.00	94.14
5480.00	88.57
5485.00	71.85
5490.00	45.54
5495.00	15.51
5500.00	7.12
5505.00	2.65
5510.00	1.23
5515.00	0.60
5520.00	0.26
5525.00	0.10
5530.00	0.04
5535.00	0.02
5540.00	0.01
5545.00	0.01
5550.00	0.01
5555.00	0.00
5560.00	0.00
5565.00	0.00
5570.00	0.00
5575.00	0.00
5580.00	0.00
5585.00	0.00
5590.00	0.00
5595.00	0.00
5600.00	0.00
5605.00	0.00
5610.00	0.00
5615.00	0.00
5620.00	0.00
5625.00	0.00
5630.00	0.00
5635.00	0.00
5640.00	0.00
5645.00	0.00
5650.00	0.00
5655.00	0.00
5660.00	0.00
5665.00	0.00
5670.00	0.00
5675.00	0.00
5680.00	0.00
5685.00	0.00
5690.00	0.00
5695.00	0.00
5700.00	0.00
5705.00	0.00
5710.00	0.00
5715.00	0.00
5720.00	0.00
5725.00	0.00
5730.00	0.00
5735.00	0.00
5740.00	0.00
5745.00	0.00
5750.00	0.00
5755.00	0.00
5760.00	0.00
5765.00	0.00
5770.00	0.00
5775.00	0.00
5780.00	0.00
5785.00	0.00
5790.00	0.00
5795.00	0.00
5800.00	0.00
5805.00	0.00
5810.00	0.00
5815.00	0.00
5820.00	0.00
5825.00	0.00
5830.00	0.00
5835.00	0.00
5840.00	0.00
5845.00	0.00
5850.00	0.00
5855.00	0.00
5860.00	0.00
5865.00	0.00
5870.00	0.00
5875.00	0.00
5880.00	0.00
5885.00	0.00
5890.00	0.00
5895.00	0.00
5900.00	0.00
5905.00	0.00
5910.00	0.00
5915.00	0.00
5920.00	0.00
5925.00	0.00
5930.00	0.00
5935.00	0.00
5940.00	0.00
5945.00	0.00
5950.00	0.00
5955.00	0.00
5960.00	0.00
5965.00	0.00
5970.00	0.00
5975.00	0.00
5980.00	0.00
5985.00	0.00
5990.00	0.00
5995.00	0.00
6000.00	0.00
6005.00	0.00
6010.00	0.00
6015.00	0.00
6020.00	0.00
6025.00	0.00
6030.00	0.00
6035.00	0.00
6040.00	0.00
6045.00	0.00
6050.00	0.00
6055.00	0.00
6060.00	0.00
6065.00	0.00
6070.00	0.00
6075.00	0.00
6080.00	0.00
6085.00	0.00
6090.00	0.00
6095.00	0.00
6100.00	0.00
6105.00	0.00
6110.00	0.00
6115.00	0.00
6120.00	0.00
6125.00	0.00
6130.00	0.00
6135.00	0.00
6140.00	0.00
6145.00	0.00
6150.00	0.00
6155.00	0.00
6160.00	0.00
6165.00	0.00
6170.00	0.00
6175.00	0.00
6180.00	0.00
6185.00	0.00
6190.00	0.00
6195.00	0.00
6200.00	0.00
6205.00	0.00
6210.00	0.00
6215.00	0.00
6220.00	0.00
6225.00	0.00
6230.00	0.00
6235.00	0.00
6240.00	0.00
6245.00	0.00
6250.00	0.00
6255.00	0.00
6260.00	0.00
6265.00	0.00
6270.00	0.00
6275.00	0.00
6280.00	0.00
6285.00	0.00
6290.00	0.00
6295.00	0.00
6300.00	0.00
6305.00	0.00
6310.00	0.00
6315.00	0.00
6320.00	0.00
6325.00	0.00
6330.00	0.00
6335.00	0.00
6340.00	0.00
6345.00	0.00
6350.00	0.00
6355.00	0.00
6360.00	0.00
6365.00	0.00
6370.00	0.00
6375.00	0.00
6380.00	0.00
6385.00	0.00
6390.00	0.00
6395.00	0.00
6400.00	0.00
6405.00	0.00
6410.00	0.00
6415.00	0.00
6420.00	0.00
6425.00	0.00
6430.00	0.00
6435.00	0.00
6440.00	0.00
6445.00	0.00
6450.00	0.00
6455.00	0.00
6460.00	0.00
6465.00	0.00
6470.00	0.00
6475.00	0.00
6480.00	0.00
6485.00	0.00
6490.00	0.00
6495.00	0.00
6500.00	0.00
6505.00	0.00
6510.00	0.00
6515.00	0.00
6520.00	0.00
6525.00	0.00
6530.00	0.00
6535.00	0.00
6540.00	0.00
6545.00	0.00
6550.00	0.00
6555.00	0.00
6560.00	0.00
6565.00	0.00
6570.00	0.00
6575.00	0.00
6580.00	0.00
6585.00	0.00
6590.00	0.00
6595.00	0.00
6600.00	0.00
6605.00	0.00
6610.00	0.00
6615.00	0.00
6620.00	0.00
6625.00	0.00
6630.00	0.00
6635.00	0.00
6640.00	0.00
6645.00	0.00
6650.00	0.00
6655.00	0.00
6660.00	0.00
6665.00	0.00
6670.00	0.00
6675.00	0.00
6680.00	0.00
6685.00	0.00
6690.00	0.00
6695.00	0.00
6700.00	0.00
6705.00	0.00
6710.00	0.00
6715.00	0.00
6720.00	0.00
6725.00	0.00
6730.00	0.00
6735.00	0.00
6740.00	0.00
6745.00	0.00
6750.00	0.00
6755.00	0.00
6760.00	0.00
6765.00	0.00
6770.00	0.00
6775.00	0.00
6780.00	0.00
6785.00	0.00
6790.00	0.00
6795.00	0.00
6800.00	0.00
6805.00	0.00
6810.00	0.00
6815.00	0.00
6820.00	0.00
6825.00	0.00
6830.00	0.00
6835.00	0.00
6840.00	0.00
6845.00	0.00
6850.00	0.00
6855.00	0.00
6860.00	0.00
6865.00	0.00
6870.00	0.00
6875.00	0.00
6880.00	0.00
6885.00	0.00
6890.00	0.00
6895.00	0.00
6900.00	0.00
6905.00	0.00
6910.00	0.00
6915.00	0.00
6920.00	0.00
6925.00	0.00
6930.00	0.00
6935.00	0.00
6940.00	0.00
6945.00	0.00
6950.00	0.00
6955.00	0.00
6960.00	0.00
6965.00	0.00
6970.00	0.00
6975.00	0.00
6980.00	0.00
6985.00	0.00
6990.00	0.00
6995.00	0.00
7000.00	0.00
7005.00	0.00
7010.00	0.00
7015.00	0.00
7020.00	0.00
7025.00	0.00
7030.00	0.00
7035.00	0.00
7040.00	0.00
7045.00	0.00
7050.00	0.00
7055.00	0.00
7060.00	0.00
7065.00	0.00
7070.00	0.00
7075.00	0.00
7080.00	0.00
7085.00	0.00
7090.00	0.00
7095.00	0.00
7100.00	0.00
7105.00	0.00
7110.00	0.00
7115.00	0.00
7120.00	0.00
7125.00	0.00
7130.00	0.00
7135.00	0.00
7140.00	0.00
7145.00	0.00
7150.00	0.00
7155.00	0.00
7160.00	0.00
7165.00	0.00
7170.00	0.00
7175.00	0.00
7180.00	0.00
7185.00	0.00
7190.00	0.00
7195.00	0.00
7200.00	0.00
7205.00	0.00
7210.00	0.00
7215.00	0.00
7220.00	0.00
7225.00	0.00
7230.00	0.00
7235.00	0.00
7240.00	0.00
7245.00	0.00
7250.00	0.00
7255.00	0.00
7260.00	0.00
7265.00	0.00
7270.00	0.00
7275.00	0.00
7280.00	0.00
7285.00	0.00
7290.00	0.00
7295.00	0.00
7300.00	0.00
7305.00	0.00
7310.00	0.00
7315.00	0.00
7320.00	0.00
7325.00	0.00
7330.00	0.00
7335.00	0.00
7340.00	0.00
7345.00	0.00
7350.00	0.00
7355.00	0.00
7360.00	0.00
7365.00	0.00
7370.00	0.00
7375.00	0.00
7380.00	0.00
7385.00	0.00
7390.00	0.00
7395.00	0.00
7400.00	0.00
7405.00	0.00
7410.00	0.00
7415.00	0.00
7420.00	0.00
7425.00	0.00
7430.00	0.00
7435.00	0.00
7440.00	0.00
7445.00	0.00
7450.00	0.00
7455.00	0.00
7460.00	0.00
7465.00	0.00
7470.00	0.00
7475.00	0.00
7480.00	0.00
7485.00	0.00
7490.00	0.00
7495.00	0.00
7500.00	0.00
7505.00	0.00
7510.00	0.00
7515.00	0.00
7520.00	0.00
7525.00	0.00
7530.00	0.00
7535.00	0.00
7540.00	0.00
7545.00	0.00
7550.00	0.00
7555.00	0.00
7560.00	0.00
7565.00	0.00
7570.00	0.00
7575.00	0.00
7580.00	0.00
7585.00	0.00
7590.00	0.00
7595.00	0.00
7600.00	0.00
7605.00	0.00
7610.00	0.00
7615.00	0.00
7620.00	0.00
7625.00	0.00
7630.00	0.00
7635.00	0.00
7640.00	0.00
7645.00	0.00
7650.00	0.00
7655.00	0.00
7660.00	0.00
7665.00	0.00
7670.00	0.00
7675.00	0.00
7680.00	0.00
7685.00	0.00
7690.00	0.00
7695.00	0.00
7700.00	0.00
7705.00	0.00
7710.00	0.00
7715.00	0.00
7720.00	0.00
7725.00	0.00
7730.00	0.00
7735.00	0.00
7740.00	0.00
7745.00	0.00
7750.00	0.00
7755.00	0.00
7760.00	0.00
7765.00	0.00
7770.00	0.00
7775.00	0.00
7780.00	0.00
7785.00	0.00
7790.00	0.00
7795.00	0.00
7800.00	0.00
7805.00	0.00
7810.00	0.00
7815.00	0.00
7820.00	0.00
7825.00	0.00
7830.00	0.00
7835.00	0.00
7840.00	0.00
7845.00	0.00
7850.00	0.00
7855.00	0.00
7860.00	0.00
7865.00	0.00
7870.00	0.00
7875.00	0.00
7880.00	0.00
7885.00	0.00
7890.00	0.00
7895.00	0.00
7900.00	0.00
7905.00	0.00
7910.00	0.00
7915.00	0.00
7920.00	0.00
7925.00	0.00
7930.00	0.00
7935.00	0.00
7940.00	0.00
7945.00	0.00
7950.00	0.00
7955.00	0.00
7960.00	0.00
7965.00	0.00
7970.00	0.00
7975.00	0.00
7980.00	0.00
7985.00	0.00
7990.00	0.00
7995.00	0.00
8000.00	0.00
8005.00	0.00
8010.00	0.00
8015.00	0.00
8020.00	0.00
8025.00	0.00
8030.00	0.00
8035.00	0.00
8040.00	0.00
8045.00	0.00
8050.00	0.00
8055.00	0.00
8060.00	0.00
8065.00	0.00
8070.00	0.00
8075.00	0.00
8080.00	0.00
8085.00	0.00
8090.00	0.00
8095.00	0.00
8100.00	0.00
8105.00	0.00
8110.00	0.00
8115.00	0.00
8120.00	0.00
8125.00	0.00
8130.00	0.00
8135.00	0.00
8140.00	0.00
8145.00	0.00
8150.00	0.00
8155.00	0.00
8160.00	0.00
8165.00	0.00
8170.00	0.00
8175.00	0.00
8180.00	0.00
8185.00	0.00
8190.00	0.00
8195.00	0.00
8200.00	0.00
8205.00	0.00
8210.00	0.00
8215.00	0.00
8220.00	0.00
8225.00	0.00
8230.00	0.00
8235.00	0.00
8240.00	0.00
8245.00	0.00
8250.00	0.00
8255.00	0.00
8260.00	0.00
8265.00	0.00
8270.00	0.00
8275.00	0.00
8280.00	0.00
8285.00	0.00
8290.00	0.00
8295.00	0.00
8300.00	0.00
8305.00	0.00
8310.00	0.00
8315.00	0.00
8320.00	0.00
8325.00	0.00
8330.00	0.00
8335.00	0.00
8340.00	0.00
8345.00	0.00
8350.00	0.00
8355.00	0.00
8360.00	0.00
8365.00	0.00
8370.00	0.00
8375.00	0.00
8380.00	0.00
8385.00	0.00
8390.00	0.00
8395.00	0.00
8400.00	0.00
8405.00	0.00
8410.00	0.00
8415.00	0.00
8420.00	0.00
8425.00	0.00
8430.00	0.00
8435.00	0.00
8440.00	0.00
8445.00	0.00
8450.00	0.00
8455.00	0.00
8460.00	0.00
8465.00	0.00
8470.00	0.00
8475.00	0.00
8480.00	0.00
8485.00	0.00
8490.00	0.00
8495.00	0.00
8500.00	0.00
8505.00	0.00
8510.00	0.00
8515.00	0.00
8520.00	0.00
8525.00	0.00
8530.00	0.00
8535.00	0.00
8540.00	0.00
8545.00	0.00
8550.00	0.00
8555.00	0.00
8560.00	0.00
8565.00	0.00
8570.00	0.00
8575.00	0.00
8580.00	0.00
8585.00	0.00
8590.00	0.00
8595.00	0.00
8600.00	0.00
8605.00	0.00
8610.00	0.00
8615.00	0.00
8620.00	0.00
8625.00	0.00
8630.00	0.00
8635.00	0.00
8640.00	0.00
8645.00	0.00
8650.00	0.00
8655.00	0.00
8660.00	0.00
8665.00	0.00
8670.00	0.00
8675.00	0.00
8680.00	0.00
8685.00	0.00
8690.00	0.00
8695.00	0.00
8700.00	0.00
8705.00	0.00
8710.00	0.00
8715.00	0.00
8720.00	0.00
8725.00	0.00
8730.00	0.00
8735.00	0.00
8740.00	0.00
8745.00	0.00
8750.00	0.00
8755.00	0.00
8760.00	0.00
8765.00	0.00
8770.00	0.00
8775.00	0.00
8780.00	0.00
8785.00	0.00
8790.00	0.00
8795.00	0.00
8800.00	0.00
8805.00	0.00
8810.00	0.00
8815.00	0.00
8820.00	0.00
8825.00	0.00
8830.00	0.00
8835.00	0.00
8840.00	0.00
8845.00	0.00
8850.00	0.00
8855.00	0.00
8860.00	0.00
8865.00	0.00
8870.00	0.00
8875.00	0.00
8880.00	0.00
8885.00	0.00
8890.00	0.00
8895.00	0.00
8900.00	0.00
8905.00	0.00
8910.00	0.00
8915.00	0.00
8920.00	0.00
8925.00	0.00
8930.00	0.00
8935.00	0.00
8940.00	0.00
8945.00	0.00
8950.00	0.00
8955.00	0.00
8960.00	0.00
8965.00	0.00
8970.00	0.00
8975.00	0.00
8980.00	0.00
8985.00	0.00
8990.00	0.00
8995.00	0.00
9000.00	0.00
9005.00	0.00
9010.00	0.00
9015.00	0.00
9020.00	0.00
9025.00	0.00
9030.00	0.00
9035.00	0.00
9040.00	0.00
9045.00	0.00
9050.00	0.00
9055.00	0.00
9060.00	0.00
9065.00	0.00
9070.00	0.00
9075.00	0.00
9080.00	0.00
9085.00	0.00
9090.00	0.00
9095.00	0.00
9100.00	0.00
9105.00	0.00
9110.00	0.00
9115.00	0.00
9120.00	0.00
9125.00	0.00
9130.00	0.00
9135.00	0.00
9140.00	0.00
9145.00	0.00
9150.00	0.00
9155.00	0.00
9160.00	0.00
9165.00	0.00
9170.00	0.00
9175.00	0.00
9180.00	0.00
9185.00	0.00
9190.00	0.00
9195.00	0.00
9200.00	0.00
9205.00	0.00
9210.00	0.00
9215.00	0.00
9220.00	0.00
9225.00	0.00
9230.00	0.00
9235.00	0.00
9240.00	0.00
9245.00	0.00
9250.00	0.00
9255.00	0.00
9260.00	0.00
9265.00	0.00
9270.00	0.00
9275.00	0.00
9280.00	0.00
9285.00	0.00
9290.00	0.00
9295.00	0.00
9300.00	0.00
9305.00	0.00
9310.00	0.00
9315.00	0.00
9320.00	0.00
9325.00	0.00
9330.00	0.00
9335.00	0.00
9340.00	0.00
9345.00	0.00
9350.00	0.00
9355.00	0.00
9360.00	0.00
9365.00	0.00
9370.00	0.00
9375.00	0.00
9380.00	0.00
9385.00	0.00
9390.00	0.00
9395.00	0.00
9400.00	0.00
9405.00	0.00
9410.00	0.00
9415.00	0.00
9420.00	0.00
9425.00	0.00
9430.00	0.00
9435.00	0.00
9440.00	0.00
9445.00	0.00
9450.00	0.00
9455.00	0.00
9460.00	0.00
9465.00	0.00
9470.00	0.00
9475.00	0.00
9480.00	0.00
9485.00	0.00
9490.00	0.00
9495.00	0.00
9500.00	0.00
9505.00	0.00
9510.00	0.00
9515.00	0.00
9520.00	0.00
9525.00	0.00
9530.00	0.00
9535.00	0.00
9540.00	0.00
9545.00	0.00
9550.00	0.00
9555.00	0.00
9560.00	0.00
9565.00	0.00
9570.00	0.00
9575.00	0.00
9580.00	0.00
9585.00	0.00
9590.00	0.00
9595.00	0.00
9600.00	0.00
9605.00	0.00
9610.00	0.00
9615.00	0.00
9620.00	0.00
9625.00	0.00
9630.00	0.00
9635.00	0.00
9640.00	0.00
9645.00	0.00
9650.00	0.00
9655.00	0.00
9660.00	0.00
9665.00	0.00
9670.00	0.00
9675.00	0.00
9680.00	0.00
9685.00	0.00
9690.00	0.00
9695.00	0.00
9700.00	0.00
9705.00	0.00
9710.00	0.00
9715.00	0.00
9720.00	0.00
9725.00	0.00
9730.00	0.00
9735.00	0.00
9740.00	0.00
9745.00	0.00
9750.00	0.00
9755.00	0.00
9760.00	0.00
9765.00	0.00
9770.00	0.00
9775.00	0.00
9780.00	0.00
9785.00	0.00
9790.00	0.00
9795.00	0.00
9800.00	0.00
9805.00	0.00
9810.00	0.00
9815.00	0.00
9820.00	0.00
9825.00	0.00
9830.00	0.00
9835.00	0.00
9840.00	0.00
9845.00	0.00
9850.00	0.00
9855.00	0.00
9860.00	0.00
9865.00	0.00
9870.00	0.00
9875.00	0.00
9880.00	0.00
9885.00	0.00
9890.00	0.00
9895.00	0.00
9900.00	0.00
9905.00	0.00
9910.00	0.00
9915.00	0.00
9920.00	0.00
9925.00	0.00
9930.00	0.00
9935.00	0.00
9940.00	0.00
9945.00	0.00
9950.00	0.00
9955.00	0.00
9960.00	0.00
9965.00	0.00
9970.00	0.00
9975.00	0.00
9980.00	0.00
9985.00	0.00
9990.00	0.00
9995.00	0.00
10000.00	0.00
10005.00	0.00
10010.00	0.00
10015.00	0.00
10020.00	0.00
10025.00	0.00
10030.00	0.00
10035.00	0.00
10040.00	0.00
10045.00	0.00
10050.00	0.00
10055.00	0.00
10060.00	0.00
10065.00	0.00
10070.00	0.00
10075.00	0.00
10080.00	0.00
10085.00	0.00
10090.00	0.00
10095.00	0.00
10100.00	0.00
10105.00	0.00
10110.00	0.00
10115.00	0.00
10120.00	0.00
10125.00	0.00
10130.00	0.00
10135.00	0.00
10140.00	0.00
10145.00	0.00
10150.00	0.00
10155.00	0.00
10160.00	0.00
10165.00	0.00
10170.00	0.00
10175.00	0.00
10180.00	0.00
10185.00	0.00
10190.00	0.00
10195.00	0.00
10200.00	0.00
10205.00	0.00
10210.00	0.00
10215.00	0.00
10220.00	0.00
10225.00	0.00
10230.00	0.00
10235.00	0.00
10240.00	0.00
10245.00	0.00
10250.00	0.00
10255.00	0.00
10260.00	0.00
10265.00	0.00
10270.00	0.00
10275.00	0.00
10280.00	0.00
10285.00	0.00
10290.00	0.00
10295.00	0.00
10300.00	0.00
10305.00	0.00
10310.00	0.00
10315.00	0.00
10320.00	0.00
10325.00	0.00
10330.00	0.00
10335.00	0.00
10340.00	0.00
10345.00	0.00
10350.00	0.00
10355.00	0.00
10360.00	0.00
10365.00	0.00
10370.00	0.00
10375.00	0.00
10380.00	0.00
10385.00	0.00
10390.00	0.00
10395.00	0.00
10400.00	0.00
10405.00	0.00
10410.00	0.00
10415.00	0.00
10420.00	0.00
10425.00	0.00
10430.00	0.00
10435.00	0.00
10440.00	0.00
10445.00	0.00
10450.00	0.00
10455.00	0.00
10460.00	0.00
10465.00	0.00
10470.00	0.00
10475.00	0.00
10480.00	0.00
10485.00	0.00
10490.00	0.00
10495.00	0.00
10500.00	0.00
10505.00	0.00
10510.00	0.00
10515.00	0.00
10520.00	0.00
10525.00	0.00
10530.00	0.00
10535.00	0.00
10540.00	0.00
10545.00	0.00
10550.00	0.00
10555.00	0.00
10560.00	0.00
10565.00	0.00
10570.00	0.00
10575.00	0.00
10580.00	0.00
10585.00	0.00
10590.00	0.00
10595.00	0.00
10600.00	0.00
10605.00	0.00
10610.00	0.00
10615.00	0.00
10620.00	0.00
10625.00	0.00
10630.00	0.00
10635.00	0.00
10640.00	0.00
10645.00	0.00
10650.00	0.00
10655.00	0.00
10660.00	0.00
10665.00	0.00
10670.00	0.00
10675.00	0.00
10680.00	0.00
10685.00	0.00
10690.00	0.00
10695.00	0.00
10700.00	0.00
10705.00	0.00
10710.00	0.00
10715.00	0.00
10720.00	0.00
10725.00	0.00
10730.00	0.00
10735.00	0.00
10740.00	0.00
10745.00	0.00
10750.00	0.00
10755.00	0.00
10760.00	0.00
10765.00	0.00
10770.00	0.00
10775.00	0.00
10780.00	0.00
10785.00	0.00
10790.00	0.00
10795.00	0.00
10800.00	0.00
10805.00	0.00
10810.00	0.00
10815.00	0.00
10820.00	0.00
10825.00	0.00
10830.00	0.00
10835.00	0.00
10840.00	0.00
10845.00	0.00
10850.00	0.00
10855.00	0.00
10860.00	0.00
10865.00	0.00
10870.00	0.00
10875.00	0.00
10880.00	0.00
10885.00	0.00
10890.00	0.00
10895.00	0.00
10900.00	0.00
10905.00	0.00
10910.00	0.00
10915.00	0.00
10920.00	0.00
10925.00	0.00
10930.00	0.00
10935.00	0.00
10940.00	0.00
10945.00	0.00
10950.00	0.00
10955.00	0.00
10960.00	0.00
10965.00	0.00
10970.00	0.00
10975.00	0.00
10980.00	0.00
10985.00	0.00
10990.00	0.00
10995.00	0.00
11000.00	0.00
11005.00	0.00
11010.00	0.00
11015.00	0.00
11020.00	0.00
11025.00	0.00
11030.00	0.00
11035.00	0.00
11040.00	0.00
11045.00	0.00
11050.00	0.00
11055.00	0.00
11060.00	0.00
11065.00	0.00
11070.00	0.00
11075.00	0.00
11080.00	0.00
11085.00	0.00
11090.00	0.00
11095.00	0.00
11100.00	0.00
11105.00	0.00
11110.00	0.00
11115.00	0.00
11120.00	0.00
11125.00	0.00
11130.00	0.00
11135.00	0.00
11140.00	0.00
11145.00	0.00
11150.00	0.00
11155.00	0.00
11160.00	0.00
11165.00	0.00
11170.00	0.00
11175.00	0.00
11180.00	0.00
11185.00	0.00
11190.00	0.00
11195.00	0.00
11200.00	0.00
11205.00	0.00
11210.00	0.00
11215.00	0.00
11220.00	0.00
11225.00	0.00
11230.00	0.00
11235.00	0.00
11240.00	0.00
11245.00	0.00
11250.00	0.00
11255.00	0.00
11260.00	0.00
11265.00	0.00
11270.00	0.00
11275.00	0.00
11280.00	0.00
11285.00	0.00
11290.00	0.00
11295.00	0.00
11300.00	0.00
11305.00	0.00
11310.00	0.00
11315.00	0.00
11320.00	0.00
11325.00	0.00
11330.00	0.00
11335.00	0.00
11340.00	0.00
11345.00	0.00
11350.00	0.00
11355.00	0.00
11360.00	0.00
11365.00	0.00
11370.00	0.00
11375.00	0.00
11380.00	0.00
11385.00	0.00
11390.00	0.00
11395.00	0.00
11400.00	0.00
11405.00	0.00
11410.00	0.00
11415.00	0.00
11420.00	0.00
11425.00	0.00
11430.00	0.00
11435.00	0.00
11440.00	0.00
11445.00	0.00
11450.00	0.00
11455.00	0.00
11460.00	0.00
11465.00	0.00
11470.00	0.00
11475.00	0.00
11480.00	0.00
11485.00	0.00
11490.00	0.00
11495.00	0.00
11500.00	0.00
11505.00	0.00
11510.00	0.00
11515.00	0.00
11520.00	0.00
11525.00	0.00
11530.00	0.00
11535.00	0.00
11540.00	0.00
11545.00	0.00
11550.00	0.00
11555.00	0.00
11560.00	0.00
11565.00	0.00
11570.00	0.00
11575.00	0.00
11580.00	0.00
11585.00	0.00
11590.00	0.00
11595.00	0.00
11600.00	0.00
11605.00	0.00
11610.00	0.00
11615.00	0.00
11620.00	0.00
11625.00	0.00
11630.00	0.00
11635.00	0.00
11640.00	0.00
11645.00	0.00
11650.00	0.00
11655.00	0.00
11660.00	0.00
11665.00	0.00
11670.00	0.00
11675.00	0.00
11680.00	0.00
11685.00	0.00
11690.00	0.00
11695.00	0.00
11700.00	0.00
11705.00	0.00
11710.00	0.00
11715.00	0.00
11720.00	0.00
11725.00	0.00
11730.00	0.00
11735.00	0.00
11740.00	0.00
11745.00	0.00
11750.00	0.00
11755.00	0.01
11760.00	0.01
11765.00	0.01
11770.00	0.01
11775.00	0.01
11780.00	0.01
11785.00	0.00
11790.00	0.00
11795.00	0.00
11800.00	0.00
11805.00	0.00
11810.00	0.00
11815.00	0.00
11820.00	0.00
11825.00	0.00
11830.00	0.00
11835.00	0.01
11840.00	0.01
11845.00	0.01
11850.00	0.01
11855.00	0.01
11860.00	0.01
11865.00	0.01
11870.00	0.01
11875.00	0.02
11880.00	0.02
11885.00	0.02
11890.00	0.03
11895.00	0.03
11900.00	0.04
11905.00	0.04
11910.00	0.04
11915.00	0.04
11920.00	0.04
11925.00	0.04
11930.00	0.03
11935.00	0.03
11940.00	0.03
11945.00	0.03
11950.00	0.03
11955.00	0.03
11960.00	0.03
11965.00	0.03
11970.00	0.03
11975.00	0.04
11980.00	0.04
11985.00	0.04
11990.00	0.05
11995.00	0.06
12000.00	0.07
12005.00	0.08
12010.00	0.09
12015.00	0.11
12020.00	0.14
12025.00	0.18
12030.00	0.22
12035.00	0.29
12040.00	0.37
12045.00	0.47
12050.00	0.60
12055.00	0.74
12060.00	0.90
12065.00	1.07
12070.00	1.25
12075.00	1.45
12080.00	1.66
12085.00	1.92
12090.00	2.26
12095.00	2.74
12100.00	3.50
